000 0 1 
001 1 1 
002 1 1 
003 1 1 
004 1 1 
005 0 1 
006 0 1 
007 0 1 
008 0 1 
009 1 1 
010 1 1 
011 1 1 
012 1 1 
013 0 1 
014 1 1 
015 1 1 
016 1 1 
017 0 1 
018 0 1 
019 0 1 
020 0 1 
021 0 1 
022 0 1 
023 0 1 
024 0 1 
025 0 1 
026 0 1 
027 0 1 
028 0 1 
029 0 1 
030 1 1 
031 1 1 
032 1 1 
033 1 1 
034 1 1 
035 1 1 
036 1 1 
037 1 1 
038 1 1 
039 1 1 
040 0 1 
041 0 1 
042 1 0 
043 1 1 
044 1 1 
045 1 1 
046 1 1 
047 1 1 
048 1 1 
049 1 1 
050 1 1 
051 1 1 
052 1 1 
053 1 1 
054 1 1 
055 1 1 
056 1 1 
057 1 1 
058 0 1 
059 1 1 
060 1 1 
061 1 1 
062 1 1 
063 1 1 
064 1 1 
065 1 1 
066 1 1 
067 1 1 
068 1 0 
069 1 1 
070 1 1 
071 1 1 
072 1 1 
073 1 1 
074 1 1 
075 0 1 
076 0 1 
077 0 1 
078 1 1 
079 1 1 
080 1 1 
081 1 1 
082 1 1 
083 1 1 
084 1 1 
085 1 1 
086 1 1 
087 1 1 
088 0 1 
089 1 1 
090 1 1 
091 1 1 
092 1 1 
093 1 1 
094 1 1 
095 1 1 
096 1 1 
097 1 1 
098 1 1 
099 0 1 
100 0 1 
101 1 1 
102 1 1 
103 1 1 
104 1 1 
105 1 1 
106 1 1 
107 1 1 
108 1 1 
109 1 1 
110 0 1 
111 0 1 
112 1 1 
113 0 1 
114 0 1 
115 1 1 
116 1 1 
117 1 1 
118 1 1 
119 1 1 
120 1 1 
121 1 1 
122 1 1 
123 1 1 
124 1 1 
125 1 1 
126 1 1 
127 1 1 
128 1 1 
129 1 1 
130 1 1 
131 1 1 
132 1 1 
133 1 1 
134 1 0 
135 1 0 
136 1 0 
137 1 0 
138 1 0 
139 1 0 
140 1 0 
141 1 0 
142 1 0 
143 1 0 
144 1 0 
145 1 0 
146 1 0 
147 1 0 
148 1 0 
