000 1 1 
001 1 1 
002 1 1 
003 1 1 
004 0 1 
005 1 1 
006 1 1 
007 1 1 
008 1 1 
009 1 1 
010 1 1 
011 1 1 
012 1 1 
013 1 0 
014 1 0 
015 1 0 
016 1 0 
017 1 1 
018 1 1 
019 1 1 
020 1 1 
021 0 1 
022 1 1 
023 1 1 
024 1 1 
025 1 1 
026 1 1 
027 0 1 
028 0 1 
029 0 1 
030 0 1 
031 1 1 
032 1 0 
033 1 1 
034 1 0 
035 1 0 
036 1 0 
037 1 0 
038 0 1 
039 0 1 
040 1 0 
041 1 0 
042 1 0 
043 1 0 
044 1 0 
045 1 0 
046 1 0 
047 1 0 
048 1 1 
049 1 1 
050 1 1 
051 1 1 
052 1 0 
053 1 0 
054 1 0 
055 1 0 
056 1 1 
057 1 0 
058 1 1 
059 1 1 
060 1 0 
061 1 0 
062 1 0 
063 1 1 
064 1 0 
065 1 0 
066 1 0 
067 1 0 
068 1 0 
069 1 0 
070 1 0 
071 1 0 
072 1 0 
073 1 0 
074 1 0 
075 1 0 
076 1 0 
077 1 0 
078 1 0 
079 1 0 
080 1 1 
081 1 1 
082 1 0 
083 1 0 
084 1 0 
085 1 0 
086 1 0 
087 1 0 
088 1 0 
089 1 0 
090 1 0 
091 1 0 
092 1 0 
093 1 0 
094 1 0 
095 1 0 
096 1 0 
097 1 0 
098 1 0 
099 1 0 
100 1 0 
101 1 0 
102 1 0 
103 1 0 
104 1 0 
105 1 0 
106 1 0 
107 1 0 
108 1 0 
109 1 0 
110 1 0 
111 1 0 
112 1 0 
113 1 1 
114 1 1 
115 1 1 
116 1 1 
117 1 0 
118 1 0 
119 1 0 
120 1 0 
121 1 0 
122 1 1 
123 1 1 
124 1 1 
125 1 1 
126 0 1 
127 0 1 
128 1 1 
129 1 1 
130 1 1 
131 1 1 
132 1 1 
133 1 1 
134 1 1 
135 1 1 
136 1 1 
137 1 1 
138 1 1 
139 1 1 
140 1 1 
141 1 1 
142 1 1 
143 1 1 
144 1 1 
145 1 0 
146 1 0 
147 1 0 
148 0 1 
