000 1 0 
001 0 1 
002 0 1 
003 0 1 
004 1 1 
008 0 1 
009 0 1 
010 1 1 
011 0 1 
012 1 1 
013 0 1 
014 1 1 
015 0 1 
016 1 1 
017 1 1 
018 0 1 
019 0 1 
020 0 1 
021 0 1 
022 0 1 
023 0 1 
024 0 1 
025 0 1 
026 0 1 
027 0 1 
028 0 1 
029 1 1 
030 1 1 
031 1 1 
032 1 1 
033 1 1 
034 1 0 
035 1 1 
036 1 0 
037 1 0 
038 1 0 
039 1 1 
040 1 0 
041 1 1 
042 1 0 
043 1 0 
044 1 0 
045 1 1 
046 1 1 
047 1 0 
048 1 0 
049 1 0 
050 1 0 
051 1 1 
052 1 1 
053 1 1 
054 1 1 
055 1 0 
056 1 0 
057 1 1 
058 1 1 
059 1 1 
060 1 1 
061 1 1 
062 1 0 
063 1 0 
064 1 1 
065 1 0 
075 1 0 
076 1 1 
077 1 1 
078 1 1 
079 1 1 
082 1 0 
083 1 0 
084 1 1 
085 1 1 
086 1 1 
087 1 1 
088 1 1 
089 1 1 
090 1 1 
091 1 1 
092 1 1 
093 1 1 
094 1 1 
095 1 1 
096 1 1 
097 1 0 
098 1 0 
099 1 0 
100 1 1 
101 1 1 
102 1 1 
103 1 1 
104 1 1 
105 1 1 
106 0 1 
107 1 1 
108 1 1 
109 1 1 
110 1 1 
111 1 1 
112 1 1 
113 1 1 
114 1 1 
115 1 1 
116 1 0 
117 1 0 
118 1 1 
119 0 1 
120 0 1 
121 0 1 
122 1 1 
123 0 1 
124 0 1 
125 0 1 
126 1 1 
127 1 0 
128 1 1 
129 1 0 
130 1 0 
131 1 1 
132 0 1 
133 1 1 
134 1 1 
135 1 1 
136 1 1 
137 0 1 
138 1 1 
139 1 0 
140 1 0 
141 1 0 
143 0 1 
144 1 1 
145 1 0 
146 1 0 
147 1 0 
148 1 1 
