000 0 0 0 0 0 0 1 0 0 0 0 0 0 
001 0 0 0 0 0 0 0 1 0 0 0 0 0 
002 0 0 0 0 0 0 0 1 0 0 0 0 0 
003 0 0 0 0 0 0 0 1 0 0 0 0 0 
004 0 0 0 1 0 0 0 1 0 0 0 0 0 
008 0 0 0 0 0 0 0 1 0 0 0 0 0 
009 0 0 0 0 0 0 0 1 0 0 0 0 0 
010 0 0 0 0 0 0 1 1 0 0 0 0 0 
011 0 0 0 0 0 0 0 1 0 0 0 0 0 
012 0 0 0 0 0 0 1 1 0 0 0 0 0 
013 0 0 0 0 0 0 0 1 0 0 0 0 0 
014 0 0 0 0 0 0 1 1 0 0 0 0 0 
015 0 0 0 0 0 0 0 1 0 0 0 0 0 
016 0 0 0 0 0 0 1 1 0 0 0 0 0 
017 0 0 0 0 0 0 1 1 0 0 0 0 0 
018 0 0 0 0 0 0 0 1 0 0 0 0 0 
019 0 0 0 0 0 0 0 1 0 0 0 0 0 
020 0 0 0 0 0 0 0 1 0 0 0 0 0 
021 0 0 0 0 0 0 0 1 0 0 0 0 0 
022 0 0 0 0 0 0 0 1 0 0 0 0 0 
023 0 0 0 0 0 0 0 1 0 0 0 0 0 
024 0 0 0 0 0 0 0 1 0 0 0 0 0 
025 0 0 0 0 0 0 0 1 0 0 0 0 0 
026 0 0 0 0 0 0 0 1 0 0 0 0 0 
027 0 0 0 0 0 0 0 1 0 0 0 0 0 
028 0 0 0 0 0 0 0 1 0 0 0 0 0 
029 0 0 0 0 0 0 1 1 0 0 0 0 0 
030 0 0 0 0 0 0 1 1 0 0 0 0 0 
031 0 0 0 0 0 0 0 1 0 0 0 0 1 
032 0 0 0 0 0 0 0 1 0 0 0 0 1 
033 0 0 0 0 0 0 0 1 0 0 0 0 1 
034 1 0 0 1 0 0 0 0 0 0 0 0 0 
035 0 0 0 0 0 0 0 1 0 0 0 0 1 
036 0 0 0 0 0 0 1 0 0 0 0 0 1 
037 0 0 0 0 0 0 1 0 0 0 0 0 0 
038 0 0 0 0 0 0 1 0 0 0 0 0 1 
039 0 0 0 0 0 0 0 1 0 0 0 0 1 
040 0 0 0 0 0 0 1 0 0 0 0 0 1 
041 0 0 0 0 0 0 0 1 0 0 0 0 1 
042 1 0 0 0 0 0 0 0 0 0 0 0 1 
043 1 0 0 0 0 0 0 0 0 0 0 0 1 
044 1 0 0 0 0 0 0 0 0 0 0 0 1 
045 0 0 0 0 0 0 0 1 0 0 0 0 1 
046 0 0 0 0 0 0 0 1 0 0 0 0 1 
047 0 0 0 0 0 0 1 0 0 0 0 0 1 
048 0 0 0 0 0 0 1 0 0 0 0 0 1 
049 0 0 0 0 0 0 1 0 0 0 0 0 1 
050 0 0 0 0 0 0 1 0 0 0 0 0 1 
051 0 0 0 0 0 0 0 1 0 0 0 0 1 
052 0 0 0 0 0 0 0 1 0 0 0 0 1 
053 0 0 0 0 0 0 0 1 0 0 0 0 1 
054 0 0 0 0 0 0 0 1 0 0 0 0 1 
055 1 0 0 0 0 0 0 0 0 0 0 0 1 
056 1 0 0 0 0 0 0 0 0 0 0 0 1 
057 0 0 0 0 0 0 0 1 0 0 0 0 1 
058 0 0 0 0 0 0 0 1 0 0 0 0 1 
059 0 0 0 0 0 0 0 1 0 0 0 0 1 
060 0 0 0 0 0 0 0 1 0 0 0 0 1 
061 0 0 0 0 0 0 0 1 0 0 0 0 1 
062 0 0 0 0 0 0 0 0 0 0 1 0 1 
063 0 0 0 0 0 0 0 0 0 0 1 0 1 
064 0 0 0 0 0 0 0 1 0 0 0 0 1 
065 0 0 0 0 0 0 0 0 0 0 1 0 1 
075 0 0 0 0 0 0 0 0 0 0 0 0 1 
076 0 0 0 0 0 0 0 1 0 0 0 0 1 
077 0 0 0 0 0 0 0 1 0 0 0 0 1 
078 0 0 0 0 0 0 0 1 0 0 0 0 1 
079 0 0 0 0 0 0 0 1 0 0 0 0 1 
082 0 0 0 0 0 0 1 0 0 0 0 0 1 
083 0 0 0 0 0 0 1 0 0 0 0 0 1 
084 0 0 0 0 0 0 0 1 0 0 0 0 1 
085 0 0 0 0 0 0 0 1 0 0 0 0 1 
086 0 0 0 0 0 0 0 1 0 0 0 0 1 
087 0 0 0 0 0 0 0 1 0 0 0 0 1 
088 0 0 0 0 0 0 0 1 0 0 0 0 1 
089 0 0 0 0 0 0 0 1 0 0 0 0 1 
090 0 0 0 0 0 0 0 1 0 0 0 0 1 
091 0 0 0 0 0 0 1 1 0 0 0 0 0 
092 0 0 0 0 0 0 1 1 0 0 0 0 0 
093 0 0 0 0 0 0 1 1 0 0 0 0 0 
094 0 0 0 0 0 0 1 1 0 0 0 0 0 
095 0 0 0 0 0 0 1 1 0 0 0 0 0 
096 0 0 0 0 0 0 1 1 0 0 0 0 0 
097 0 0 0 0 0 0 1 0 0 0 0 0 0 
098 0 0 0 0 0 0 1 0 0 0 0 0 1 
099 0 0 0 0 0 0 1 0 0 0 0 0 0 
100 0 0 0 0 0 0 1 1 0 0 0 0 0 
101 0 0 0 0 0 0 1 1 0 0 0 0 0 
102 0 0 0 0 0 0 1 1 0 0 0 0 0 
103 0 0 0 0 0 0 1 1 0 0 0 0 0 
104 0 0 0 0 0 0 1 1 0 0 0 0 0 
105 0 0 0 0 0 0 1 1 0 0 0 0 0 
106 0 0 0 0 0 0 0 1 0 0 0 0 0 
107 0 0 0 0 0 0 1 1 0 0 0 0 0 
108 0 0 0 0 0 0 1 1 0 0 0 0 0 
109 0 0 0 0 0 0 1 1 0 0 0 0 0 
110 0 0 0 0 0 0 1 1 0 0 0 0 0 
111 0 0 0 0 0 0 1 1 0 0 0 0 0 
112 0 0 0 0 0 0 1 1 0 0 0 0 0 
113 0 0 0 0 0 0 1 1 0 0 0 0 0 
114 0 0 0 0 0 0 1 1 0 0 0 0 0 
115 0 0 0 0 0 0 1 1 0 0 0 0 0 
116 0 0 0 0 0 0 1 0 0 0 1 0 0 
117 0 0 0 0 0 0 1 0 0 0 1 0 0 
118 0 0 0 0 0 0 1 1 0 0 0 0 0 
119 0 0 0 0 0 0 0 1 0 0 0 0 0 
120 0 0 0 0 0 0 0 1 0 0 0 0 0 
121 0 0 0 0 0 0 0 1 0 0 0 0 0 
122 0 0 0 0 0 0 1 1 0 0 0 0 0 
123 0 0 0 0 0 0 0 1 0 0 0 0 0 
124 0 0 0 0 0 0 0 1 0 0 0 0 0 
125 0 0 0 0 0 0 0 1 0 0 0 0 0 
126 0 0 0 1 0 0 0 1 0 0 0 0 0 
127 1 0 0 0 0 0 0 0 0 0 0 0 1 
128 0 0 0 0 0 0 0 1 0 0 0 0 1 
129 1 0 0 0 0 0 0 0 0 0 0 0 1 
130 1 0 0 0 0 0 0 0 0 0 0 0 1 
131 0 0 0 0 0 0 0 1 0 0 0 0 1 
132 0 0 0 0 0 0 0 1 0 0 0 0 0 
133 0 0 0 0 0 0 0 1 0 0 1 0 0 
134 0 0 0 1 0 0 0 1 0 0 0 0 0 
135 0 0 0 0 0 0 0 1 0 0 0 0 1 
136 0 0 0 1 0 0 0 1 0 0 0 0 0 
137 0 0 0 0 0 0 0 1 0 0 0 0 0 
138 0 0 0 1 0 0 0 1 0 0 0 0 0 
139 1 0 0 0 0 0 0 0 0 0 0 0 1 
140 1 0 0 0 0 0 0 0 0 0 0 0 1 
141 0 0 0 0 0 0 0 0 0 0 1 0 1 
143 0 0 0 0 0 0 0 1 0 0 0 0 0 
144 0 0 0 1 0 0 0 1 0 0 0 0 0 
145 0 0 0 0 0 0 1 0 0 0 0 0 1 
146 0 0 0 0 0 0 1 0 0 0 0 0 1 
147 1 0 0 0 0 0 0 0 0 0 0 0 1 
148 0 0 0 0 0 0 0 1 0 0 0 0 1 
