000 1 1 
001 1 1 
002 1 1 
003 1 1 
004 1 1 
005 1 1 
006 1 1 
007 1 1 
008 1 1 
009 1 1 
010 1 1 
011 1 1 
012 0 1 
013 0 1 
014 1 1 
015 1 1 
016 1 1 
017 1 1 
018 1 1 
019 1 1 
020 1 1 
021 1 1 
022 1 1 
023 1 1 
024 1 1 
025 1 1 
026 1 1 
027 1 1 
028 1 1 
029 1 1 
030 1 1 
031 1 1 
032 1 1 
033 1 1 
034 1 1 
035 1 1 
036 1 1 
037 1 1 
038 1 1 
039 1 1 
040 1 1 
041 1 1 
042 1 1 
043 1 1 
044 1 1 
045 1 1 
046 1 1 
047 1 1 
048 0 1 
049 0 1 
050 0 1 
051 0 1 
052 0 1 
053 0 1 
054 0 1 
055 1 1 
056 1 1 
057 1 1 
058 1 1 
059 1 1 
060 1 1 
061 1 1 
062 1 1 
063 1 1 
064 1 1 
065 1 0 
066 1 0 
067 1 1 
068 1 1 
069 1 0 
070 1 0 
071 1 0 
072 1 1 
073 1 1 
074 1 0 
075 1 0 
076 1 0 
077 1 1 
078 1 1 
079 1 1 
080 1 1 
081 1 0 
082 1 1 
083 1 1 
084 1 1 
085 1 0 
086 1 1 
087 1 1 
088 1 1 
089 1 1 
090 1 1 
091 1 1 
092 1 1 
093 1 1 
094 1 1 
095 1 1 
096 1 1 
097 1 1 
098 1 0 
099 1 1 
100 1 0 
101 1 0 
102 1 0 
103 1 1 
104 1 1 
105 1 1 
106 1 1 
107 1 1 
108 1 1 
109 1 1 
110 1 1 
111 1 1 
112 1 1 
113 1 1 
114 1 1 
115 1 1 
116 1 0 
117 1 0 
118 1 0 
119 0 1 
120 0 1 
121 1 0 
122 1 1 
123 1 1 
124 1 1 
125 1 1 
126 1 1 
127 1 1 
128 1 1 
129 1 1 
130 1 1 
131 1 1 
132 1 1 
133 1 1 
134 1 1 
135 1 1 
136 1 0 
137 1 0 
138 1 0 
139 1 0 
140 1 0 
141 1 1 
142 1 0 
143 0 1 
144 1 0 
145 1 0 
146 1 0 
147 1 0 
148 1 0 
