000 0 0 0 0 0 0 1 1 0 0 0 0 0 
001 0 0 0 0 0 0 1 1 0 0 0 0 0 
002 0 0 0 0 0 0 1 1 0 0 0 0 0 
003 0 0 0 0 0 0 1 1 0 0 0 0 0 
004 0 0 0 0 0 0 1 1 0 0 0 0 0 
005 0 0 0 0 0 0 1 1 0 0 0 0 0 
006 0 0 0 0 0 0 1 1 0 0 0 0 0 
007 0 0 0 0 0 0 1 1 0 0 0 0 0 
008 0 0 0 0 0 0 1 1 0 0 0 0 0 
009 0 0 0 0 0 0 1 1 0 0 0 0 0 
010 0 0 0 0 0 0 1 1 0 0 0 0 0 
011 0 0 0 0 0 0 1 1 0 0 0 0 0 
012 0 0 0 0 0 0 0 1 0 0 0 0 0 
013 0 0 0 0 0 0 0 1 0 0 0 0 0 
014 0 0 0 0 0 0 0 1 0 0 0 0 1 
015 0 0 0 0 0 0 0 1 0 0 0 0 1 
016 0 0 0 0 0 0 0 1 0 0 0 0 1 
017 0 0 0 0 0 0 0 1 0 0 0 0 1 
018 0 0 0 0 0 0 0 1 0 0 0 0 1 
019 0 0 0 0 0 0 0 1 0 0 0 0 1 
020 0 0 0 0 0 0 0 1 0 0 0 0 1 
021 0 0 0 0 0 0 0 1 0 0 0 0 1 
022 0 0 0 0 0 0 0 1 0 0 0 0 1 
023 0 0 0 0 0 0 0 1 0 0 0 0 1 
024 0 0 0 0 0 0 0 1 0 0 0 0 1 
025 0 0 0 0 0 0 0 1 0 0 0 0 1 
026 0 0 0 0 0 0 0 1 0 0 0 0 1 
027 0 0 0 0 0 0 0 1 0 0 0 0 1 
028 0 0 0 0 0 0 0 1 0 0 0 0 1 
029 0 0 0 0 0 0 0 1 0 0 0 0 1 
030 0 0 0 0 0 0 0 1 0 0 0 0 1 
031 0 0 0 0 0 0 0 1 0 0 0 0 1 
032 0 0 0 0 0 0 0 1 0 0 0 0 1 
033 0 0 0 0 0 0 0 1 0 0 0 0 1 
034 0 0 0 0 0 0 0 1 0 0 0 0 1 
035 0 0 0 0 0 0 0 1 0 0 0 0 1 
036 0 0 0 0 0 0 0 1 0 0 0 0 1 
037 0 0 0 0 0 0 0 1 0 0 0 0 1 
038 0 0 0 0 0 0 0 1 0 0 0 0 1 
039 0 0 0 0 0 0 0 1 0 0 0 0 1 
040 0 0 0 0 0 0 0 1 0 0 0 0 1 
041 0 0 0 0 0 0 0 1 0 0 0 0 1 
042 0 0 0 0 0 0 0 1 0 0 0 0 1 
043 0 0 0 0 0 0 0 1 0 0 0 0 1 
044 0 0 0 0 0 0 0 1 0 0 0 1 1 
045 0 0 0 0 0 0 0 1 0 0 0 1 1 
046 0 0 0 0 0 0 0 1 0 0 0 1 1 
047 0 0 0 0 0 0 0 1 0 0 0 1 0 
048 0 0 0 0 0 0 0 1 0 0 0 0 0 
049 0 0 0 0 0 0 0 1 0 0 0 0 0 
050 0 0 0 0 0 0 0 1 0 0 0 0 0 
051 0 0 0 0 0 0 0 1 0 0 0 0 0 
052 0 0 0 0 0 0 0 1 0 0 0 0 0 
053 0 0 0 0 0 0 0 1 0 0 0 0 0 
054 0 0 0 0 0 0 0 1 0 0 0 0 0 
055 1 0 0 0 0 0 0 1 0 0 0 0 0 
056 1 0 0 0 0 0 0 1 0 0 0 0 0 
057 1 0 0 0 0 0 0 1 0 0 0 0 0 
058 1 0 0 0 0 0 0 1 0 0 0 0 0 
059 1 0 0 0 0 0 0 1 0 0 0 0 0 
060 1 0 0 0 0 0 0 1 0 0 0 0 0 
061 0 0 0 0 0 0 1 1 0 0 0 0 0 
062 1 0 0 0 0 0 1 1 0 0 0 0 0 
063 1 0 0 0 0 0 1 1 0 0 0 0 0 
064 1 0 0 0 0 0 1 1 0 0 0 0 0 
065 1 0 0 0 0 0 1 0 0 0 0 0 0 
066 1 0 0 0 0 0 1 0 0 0 0 0 0 
067 1 0 0 0 0 0 1 1 0 0 0 0 0 
068 0 0 0 0 0 0 1 1 0 0 0 0 0 
069 1 0 0 0 0 0 1 0 0 0 0 0 0 
070 1 0 0 0 0 0 1 0 0 0 0 0 0 
071 1 0 0 0 0 0 1 0 0 0 0 0 0 
072 1 0 0 0 0 0 1 1 0 0 0 0 0 
073 0 0 0 0 0 0 1 1 0 0 0 0 0 
074 1 0 0 0 0 0 1 0 0 0 0 0 0 
075 1 0 0 0 0 0 1 0 0 0 0 0 0 
076 1 0 0 0 0 0 1 0 0 0 0 0 0 
077 1 0 0 0 0 0 1 1 0 0 0 0 0 
078 1 0 0 0 0 0 1 1 0 0 0 0 0 
079 1 0 0 0 0 0 1 1 0 0 0 0 0 
080 1 0 0 0 0 0 1 1 0 0 0 0 0 
081 1 0 0 0 0 0 1 0 0 0 0 0 0 
082 1 0 0 0 0 0 1 1 0 0 0 0 0 
083 0 0 0 0 0 0 1 1 0 0 0 0 0 
084 0 0 0 0 0 0 1 1 0 0 0 0 0 
085 0 0 0 0 0 0 1 0 0 0 0 0 0 
086 0 0 0 0 0 0 1 1 0 0 0 0 0 
087 0 0 0 0 0 0 1 1 0 0 0 0 0 
088 0 0 0 0 0 0 1 1 0 0 0 0 0 
089 0 0 0 0 0 0 1 1 0 0 0 0 0 
090 1 0 0 0 0 0 1 1 0 0 0 0 0 
091 0 0 0 0 0 0 1 1 0 0 0 0 0 
092 1 0 0 0 0 0 1 1 0 0 0 0 0 
093 0 0 0 0 0 0 1 1 0 0 0 0 0 
094 0 0 0 0 0 0 1 1 0 0 0 0 0 
095 1 0 0 0 0 0 1 1 0 0 0 0 0 
096 1 0 0 0 0 0 1 1 0 0 0 0 0 
097 0 0 0 0 0 0 1 1 0 0 0 0 0 
098 0 0 0 0 0 0 1 0 0 0 0 0 0 
099 0 0 0 0 0 0 1 1 0 0 0 0 0 
100 1 0 0 1 0 0 0 0 0 0 0 0 0 
101 1 0 0 1 0 0 0 0 0 0 0 0 0 
102 1 0 0 1 0 0 0 0 0 0 0 0 0 
103 0 0 0 0 0 0 1 1 0 0 0 0 0 
104 1 0 0 0 0 0 1 1 0 0 0 0 0 
105 0 0 0 0 0 0 1 1 0 0 0 0 0 
106 1 0 0 0 0 0 1 1 0 0 0 0 0 
107 1 0 0 0 0 0 1 1 0 0 0 0 0 
108 0 0 0 0 0 0 1 1 0 0 0 0 0 
109 0 0 0 0 0 0 1 1 0 0 0 0 0 
110 0 0 0 0 0 0 1 1 0 0 0 0 0 
111 0 0 0 0 0 0 1 1 0 0 1 0 0 
112 0 0 0 0 0 0 1 1 0 0 1 0 0 
113 0 0 0 0 0 0 1 1 0 0 1 0 0 
114 0 0 0 0 0 0 1 1 0 0 0 0 0 
115 0 0 0 0 0 0 1 1 0 0 1 0 0 
116 0 0 0 0 0 0 1 0 0 0 1 0 0 
117 0 0 0 0 0 0 1 0 0 0 1 0 0 
118 0 0 0 0 0 0 1 0 0 0 1 0 0 
119 0 0 0 0 0 0 0 1 0 0 0 0 0 
120 0 0 0 0 0 0 0 1 0 0 0 0 0 
121 0 0 0 0 0 0 0 0 0 0 1 0 0 
122 0 0 0 0 0 0 0 1 0 0 1 0 0 
123 0 0 0 0 0 0 0 1 0 0 1 0 0 
124 0 0 0 0 0 0 1 1 0 0 0 0 0 
125 0 0 0 0 0 0 1 1 0 0 0 0 0 
126 0 0 0 0 0 0 1 1 0 0 0 0 0 
127 0 0 0 0 0 0 1 1 0 0 1 0 0 
128 0 0 0 0 0 0 1 1 0 0 1 0 0 
129 0 0 0 0 0 0 1 1 0 0 1 0 0 
130 0 0 0 0 0 0 1 1 0 0 1 0 0 
131 0 0 0 0 0 0 1 1 0 0 1 0 0 
132 0 1 0 0 0 0 0 1 0 0 0 0 0 
133 0 0 0 0 0 0 1 1 0 0 0 0 0 
134 0 0 0 0 0 0 1 1 0 0 0 0 0 
135 0 1 0 0 0 0 1 1 0 0 0 0 0 
136 0 1 0 0 0 0 1 0 0 0 1 0 0 
137 0 1 0 0 0 0 1 0 0 0 1 0 0 
138 0 1 0 0 0 0 1 0 0 0 1 0 0 
139 0 1 0 0 0 0 1 0 0 0 1 0 0 
140 0 1 0 0 0 0 1 0 0 0 1 0 0 
141 0 1 0 0 0 0 1 1 0 0 0 0 0 
142 0 1 0 0 0 0 1 0 0 0 1 0 0 
143 0 0 0 0 0 0 0 1 0 0 0 0 0 
144 0 1 0 0 0 0 1 0 0 0 1 0 0 
145 0 1 0 0 0 0 1 0 0 0 1 0 0 
146 0 1 0 0 0 0 1 0 0 0 1 0 0 
147 0 1 0 0 0 0 1 0 0 0 1 0 0 
148 0 1 0 0 0 0 1 0 0 0 1 0 0 
