000 0 1 
001 0 1 
002 0 1 
003 0 1 
004 1 1 
005 1 1 
006 1 0 
007 1 1 
008 1 0 
009 1 0 
010 1 0 
011 1 0 
012 1 0 
013 1 0 
014 1 0 
015 1 1 
016 0 1 
017 1 1 
018 1 1 
019 1 0 
020 1 1 
021 1 0 
022 1 0 
023 0 1 
024 1 0 
025 1 0 
026 1 0 
027 1 0 
028 1 1 
029 1 1 
030 1 0 
031 1 1 
032 1 0 
033 1 0 
034 1 0 
035 1 1 
036 1 0 
037 0 1 
038 1 0 
039 1 0 
040 1 0 
041 0 1 
042 1 1 
043 1 1 
044 0 1 
045 0 1 
046 0 1 
047 1 0 
048 1 0 
049 1 0 
050 1 1 
051 0 1 
052 1 1 
053 1 1 
054 1 0 
055 1 0 
056 1 0 
057 1 0 
058 0 1 
059 1 1 
060 1 0 
061 1 0 
062 1 0 
063 1 0 
064 1 0 
065 1 0 
066 0 1 
067 0 1 
068 0 1 
069 0 1 
070 0 1 
071 0 1 
072 1 0 
073 1 0 
074 1 0 
075 1 0 
076 1 0 
077 1 0 
078 0 1 
079 0 1 
080 0 1 
081 0 1 
082 0 1 
083 0 1 
084 0 1 
085 0 1 
086 0 1 
087 1 1 
088 1 0 
089 1 0 
090 1 0 
091 1 0 
092 1 0 
093 1 0 
094 1 0 
095 1 0 
096 1 0 
097 1 0 
098 1 0 
099 0 1 
100 0 1 
101 0 1 
102 0 1 
103 0 1 
104 0 1 
105 0 1 
106 0 1 
107 0 1 
108 0 1 
109 0 1 
110 0 1 
111 0 1 
112 1 1 
113 1 0 
114 1 0 
115 1 0 
116 0 1 
117 0 1 
118 0 1 
119 0 1 
120 0 1 
121 0 1 
122 0 1 
123 0 1 
124 0 1 
125 0 1 
126 0 1 
127 0 1 
128 0 1 
129 0 1 
130 1 0 
131 1 0 
132 1 0 
133 1 0 
134 1 0 
135 0 1 
136 0 1 
137 1 0 
138 1 0 
139 1 0 
140 1 1 
141 1 1 
142 1 0 
143 1 1 
144 1 1 
145 1 0 
146 0 1 
147 1 0 
148 1 0 
