000 0 0 0 0 0 0 0 1 0 0 0 0 0 
001 0 0 0 0 0 0 0 1 0 0 0 0 0 
002 0 0 0 0 0 0 0 1 0 0 0 0 0 
003 0 0 0 0 0 0 0 1 0 0 0 0 0 
004 0 0 0 1 0 0 0 1 0 0 0 0 0 
005 0 0 0 0 0 0 0 1 0 0 0 0 1 
006 0 0 0 1 0 0 0 0 0 0 0 0 0 
007 0 0 0 1 0 0 0 1 0 0 0 0 0 
008 0 0 0 0 0 0 0 0 0 0 1 0 1 
009 0 0 0 0 0 0 0 0 0 0 1 0 1 
010 0 0 0 0 0 0 0 0 0 0 1 0 1 
011 0 0 0 0 0 0 0 0 0 0 1 0 1 
012 0 0 0 0 0 0 0 0 0 0 1 0 1 
013 0 0 0 0 0 0 0 0 0 0 1 0 1 
014 0 0 0 0 0 0 0 0 0 0 1 0 1 
015 0 0 0 0 0 0 0 1 0 0 0 0 1 
016 0 0 0 0 0 0 0 1 0 0 0 0 0 
017 0 0 0 1 0 0 0 1 0 0 0 0 0 
018 0 0 0 0 0 0 0 1 0 0 0 0 1 
019 0 0 0 0 0 0 0 0 0 0 1 0 1 
020 0 0 0 0 0 0 0 1 0 0 0 0 1 
021 0 0 0 0 0 0 0 0 0 0 1 0 1 
022 0 0 0 0 0 0 0 0 0 0 1 0 1 
023 0 0 0 0 0 0 0 1 0 0 0 0 0 
024 0 0 0 0 0 0 0 0 0 0 1 0 1 
025 0 0 0 0 0 0 0 0 0 0 1 0 1 
026 0 0 0 0 0 0 0 0 0 0 1 0 1 
027 0 0 0 0 0 0 0 0 0 0 1 0 1 
028 0 0 0 0 0 0 0 1 0 0 0 0 1 
029 0 0 0 0 0 0 0 1 0 0 0 0 1 
030 0 0 0 0 0 0 0 0 0 0 1 0 1 
031 0 0 0 0 0 0 0 1 0 0 0 0 1 
032 0 0 0 0 0 0 0 0 0 0 1 0 1 
033 0 0 0 0 0 0 0 0 0 0 1 0 1 
034 0 0 0 0 0 0 0 0 0 0 1 0 1 
035 0 0 0 0 0 0 0 1 0 0 0 0 1 
036 0 0 0 0 0 0 0 0 0 0 1 0 1 
037 0 0 0 0 0 0 0 1 0 0 0 0 0 
038 0 0 0 0 0 0 0 0 0 0 1 0 1 
039 0 0 0 0 0 0 0 0 0 0 1 0 1 
040 0 0 0 0 0 0 0 0 0 0 1 0 1 
041 0 0 0 0 0 0 0 1 0 0 0 0 0 
042 0 0 0 0 0 0 0 1 0 0 1 0 0 
043 0 0 0 0 0 0 0 1 0 0 0 0 1 
044 0 0 0 0 0 0 0 1 0 0 0 0 0 
045 0 0 0 0 0 0 0 1 0 0 0 0 0 
046 0 0 0 0 0 0 0 1 0 0 0 0 0 
047 0 0 0 0 0 0 0 0 0 0 1 0 1 
048 0 0 0 0 0 0 0 0 0 0 1 0 1 
049 0 0 0 0 0 0 0 0 0 0 1 0 1 
050 0 0 0 0 0 0 0 1 0 0 0 0 1 
051 0 0 0 0 0 0 0 1 0 0 0 0 0 
052 0 0 0 0 0 0 1 1 0 0 0 0 0 
053 0 0 0 0 0 0 1 1 0 0 0 0 0 
054 0 0 0 0 0 0 0 0 0 0 1 0 1 
055 0 0 0 0 0 0 0 0 0 0 1 0 1 
056 0 0 0 0 0 0 0 0 0 0 1 0 1 
057 0 0 0 0 0 0 0 0 0 0 1 0 1 
058 0 0 0 0 0 0 0 1 0 0 0 0 0 
059 0 0 0 1 0 0 0 1 0 0 0 0 0 
060 0 0 0 0 0 0 0 0 0 0 1 0 1 
061 0 0 0 0 0 0 0 0 0 0 1 0 1 
062 0 0 0 0 0 0 0 0 0 0 1 0 1 
063 0 0 0 0 0 0 0 0 0 0 1 0 1 
064 0 0 0 0 0 0 0 0 0 0 1 0 1 
065 0 0 0 0 0 0 0 0 0 0 1 0 1 
066 0 0 0 0 0 0 0 1 0 0 0 0 0 
067 0 0 0 0 0 0 0 1 0 0 0 0 0 
068 0 0 0 0 0 0 0 1 0 0 0 0 0 
069 0 0 0 0 0 0 0 1 0 0 0 0 0 
070 0 0 0 0 0 0 0 1 0 0 0 0 0 
071 0 0 0 0 0 0 0 1 0 0 0 0 0 
072 0 0 0 0 0 0 0 0 0 0 1 0 1 
073 0 0 0 0 0 0 0 0 0 0 1 0 1 
074 0 0 0 0 0 0 0 0 0 0 1 0 1 
075 0 0 0 0 0 0 0 0 0 0 1 0 1 
076 0 0 0 0 0 0 0 0 0 0 1 0 1 
077 0 0 0 0 0 0 0 0 0 0 1 0 1 
078 0 0 0 0 0 0 0 1 0 0 0 0 0 
079 0 0 0 0 0 0 0 1 0 0 0 0 0 
080 0 0 0 0 0 0 0 1 0 0 0 0 0 
081 0 0 0 0 0 0 0 1 0 0 0 0 0 
082 0 0 0 0 0 0 0 1 0 0 0 0 0 
083 0 0 0 0 0 0 0 1 0 0 0 0 0 
084 0 0 0 0 0 0 0 1 0 0 0 0 0 
085 0 0 0 0 0 0 0 1 0 0 0 0 0 
086 0 0 0 0 0 0 0 1 0 0 0 0 0 
087 0 0 0 1 0 0 0 1 0 0 0 0 0 
088 0 0 0 0 0 0 0 0 0 0 1 0 1 
089 0 0 0 0 0 0 0 0 0 0 1 0 1 
090 0 0 0 0 0 0 0 0 0 0 1 0 1 
091 0 0 0 0 0 0 0 0 0 0 1 0 1 
092 0 0 0 0 0 0 0 0 0 0 1 0 1 
093 0 0 0 0 0 0 0 0 0 0 1 0 1 
094 0 0 0 0 0 0 0 0 0 0 1 0 1 
095 0 0 0 0 0 0 0 0 0 0 1 0 1 
096 0 0 0 0 0 0 0 0 0 0 1 0 1 
097 0 0 0 0 0 0 0 0 0 0 1 0 1 
098 0 0 0 0 0 0 0 0 0 0 1 0 1 
099 0 0 0 0 0 0 0 1 0 0 0 0 0 
100 0 0 0 0 0 0 0 1 0 0 0 0 0 
101 0 0 0 0 0 0 0 1 0 0 0 0 0 
102 0 0 0 0 0 0 0 1 0 0 0 0 0 
103 0 0 0 0 0 0 0 1 0 0 0 0 0 
104 0 0 0 0 0 0 0 1 0 0 0 0 0 
105 0 0 0 0 0 0 0 1 0 0 0 0 0 
106 0 0 0 0 0 0 0 1 0 0 0 0 0 
107 0 0 0 0 0 0 0 1 0 0 0 0 0 
108 0 0 0 0 0 0 0 1 0 0 0 0 0 
109 0 0 0 0 0 0 0 1 0 0 0 0 0 
110 0 0 0 0 0 0 0 1 0 0 0 0 0 
111 0 0 0 0 0 0 0 1 0 0 0 0 0 
112 0 0 0 1 0 0 0 1 0 0 0 0 0 
113 0 0 0 0 0 0 0 0 0 0 1 0 1 
114 0 0 0 0 0 0 0 0 0 0 1 0 1 
115 0 0 0 0 0 0 0 0 0 0 1 0 1 
116 0 0 0 0 0 0 0 1 0 0 0 0 0 
117 0 0 0 0 0 0 0 1 0 0 0 0 0 
118 0 0 0 0 0 0 0 1 0 0 0 0 0 
119 0 0 0 0 0 0 0 1 0 0 0 0 0 
120 0 0 0 0 0 0 0 1 0 0 0 0 0 
121 0 0 0 0 0 0 0 1 0 0 0 0 0 
122 0 0 0 0 0 0 0 1 0 0 0 0 0 
123 0 0 0 0 0 0 0 1 0 0 0 0 0 
124 0 0 0 0 0 0 0 1 0 0 0 0 0 
125 0 0 0 0 0 0 0 1 0 0 0 0 0 
126 0 0 0 0 0 0 0 1 0 0 0 0 0 
127 0 0 0 0 0 0 0 1 0 0 0 0 0 
128 0 0 0 0 0 0 0 1 0 0 0 0 0 
129 0 0 0 0 0 0 0 1 0 0 0 0 0 
130 0 0 0 0 0 0 0 0 0 0 1 0 1 
131 0 0 0 0 0 0 0 0 0 0 1 0 1 
132 0 0 0 0 0 0 0 0 0 0 1 0 1 
133 0 0 0 0 0 0 0 0 0 0 1 0 1 
134 0 0 0 0 0 0 0 0 0 0 1 0 1 
135 0 0 0 0 0 0 0 1 0 0 0 0 0 
136 0 0 0 0 0 0 0 1 0 0 0 0 0 
137 0 0 0 0 0 0 0 0 0 0 0 0 1 
138 0 0 0 0 0 0 0 0 0 0 1 0 1 
139 0 0 0 0 0 0 0 0 0 0 1 0 1 
140 0 0 0 0 0 0 0 1 0 0 0 0 1 
141 0 0 0 0 0 0 0 1 0 0 0 0 1 
142 0 0 0 0 0 0 0 0 0 0 1 0 1 
143 0 0 0 1 0 0 0 1 0 0 0 0 0 
144 0 0 0 0 0 0 0 1 0 0 0 0 1 
145 0 0 0 0 0 0 0 0 0 0 1 0 1 
146 0 0 0 0 0 0 0 1 0 0 0 0 0 
147 0 0 0 0 0 0 0 0 0 0 1 0 1 
148 0 0 0 0 0 0 0 0 0 0 0 0 1 
