000 1 0 
001 1 0 
002 0 1 
003 0 1 
004 1 1 
005 1 0 
006 1 0 
007 1 0 
008 1 0 
009 1 0 
010 1 0 
011 1 0 
012 1 0 
013 1 0 
014 1 0 
015 1 0 
016 1 0 
017 1 0 
018 1 0 
019 1 0 
020 1 0 
021 1 0 
022 0 1 
023 0 1 
024 0 1 
025 0 1 
026 0 1 
027 1 1 
028 1 0 
029 1 0 
030 1 0 
031 1 0 
032 1 0 
033 1 0 
034 1 1 
035 0 1 
036 0 1 
037 1 0 
038 1 0 
039 1 1 
040 1 1 
041 1 0 
042 1 0 
043 1 0 
044 1 0 
045 1 0 
046 0 1 
047 1 0 
048 1 0 
049 0 1 
051 0 1 
052 1 0 
053 1 1 
054 1 1 
055 1 1 
056 0 1 
058 1 0 
059 1 1 
060 0 1 
061 0 1 
062 1 1 
063 1 1 
064 1 1 
065 1 0 
066 1 0 
067 0 1 
068 0 1 
069 0 1 
077 1 0 
078 1 0 
079 1 0 
080 1 0 
081 1 1 
082 0 1 
083 1 1 
084 1 1 
085 1 1 
086 1 1 
087 1 1 
088 1 0 
089 1 0 
090 1 0 
091 0 1 
092 1 1 
093 1 0 
094 1 0 
095 0 1 
096 1 1 
097 1 1 
098 1 0 
099 1 0 
100 1 0 
101 1 1 
102 0 1 
103 0 1 
104 1 1 
105 0 1 
106 1 1 
107 1 1 
108 1 1 
109 1 1 
110 1 0 
111 1 1 
112 1 1 
113 1 1 
114 1 0 
115 1 0 
116 0 1 
117 1 1 
118 0 1 
119 0 1 
120 0 1 
121 0 1 
122 0 1 
123 0 1 
124 1 1 
125 1 1 
126 1 1 
127 0 1 
128 0 1 
129 0 1 
130 0 1 
131 0 1 
132 0 1 
133 0 1 
134 0 1 
135 0 1 
141 0 1 
142 0 1 
143 0 1 
144 0 1 
145 0 1 
146 0 1 
147 0 1 
148 0 1 
