000 0 0 0 1 0 0 0 0 0 0 1 0 0 
001 0 0 0 1 0 0 0 0 0 0 1 0 0 
002 0 0 0 0 0 0 0 1 0 0 0 0 0 
003 0 0 0 0 0 0 0 1 0 0 0 0 0 
004 0 0 0 0 0 0 0 1 0 0 0 0 1 
005 0 0 0 1 0 0 0 0 0 0 1 0 0 
006 0 0 0 1 0 0 0 0 0 0 1 0 0 
007 0 0 0 1 0 0 0 0 0 0 1 0 0 
008 0 0 0 0 0 0 0 0 0 0 1 0 1 
009 0 0 0 0 0 0 0 0 0 0 1 0 1 
010 0 0 0 0 0 0 0 0 0 0 1 0 1 
011 0 0 0 0 0 0 0 0 0 0 1 0 1 
012 0 0 0 0 0 0 0 0 0 0 1 0 1 
013 0 0 0 0 0 0 0 0 0 0 1 0 1 
014 0 0 0 0 0 0 0 0 0 0 1 0 1 
015 0 0 0 0 0 0 0 0 0 0 1 0 1 
016 0 0 0 0 0 0 0 0 0 0 1 0 1 
017 0 0 0 0 0 0 0 0 0 0 1 0 1 
018 0 0 0 0 0 0 0 0 0 0 1 0 1 
019 0 0 0 0 0 0 0 0 0 0 1 0 1 
020 0 0 0 0 0 0 0 0 0 0 1 0 1 
021 0 0 0 0 0 0 0 0 0 0 1 0 1 
022 0 0 0 0 0 0 0 1 0 0 0 0 0 
023 0 0 0 0 0 0 0 1 0 0 0 0 0 
024 0 0 0 0 0 0 0 1 0 0 0 0 0 
025 0 0 0 0 0 0 0 1 0 0 0 0 0 
026 0 0 0 0 0 0 0 1 0 0 0 0 0 
027 0 0 0 1 0 0 0 1 0 0 0 0 0 
028 0 0 0 0 0 0 0 0 0 0 1 0 1 
029 0 0 0 0 0 0 0 0 0 0 1 0 1 
030 0 0 0 0 0 0 0 0 0 0 1 0 1 
031 0 0 0 0 0 0 0 0 0 0 1 0 1 
032 0 0 0 0 0 0 0 0 0 0 1 0 1 
033 0 0 0 0 0 0 0 0 0 0 1 0 1 
034 0 0 0 0 0 0 0 1 0 0 0 0 1 
035 0 0 0 0 0 0 0 1 0 0 0 0 0 
036 0 0 0 0 0 0 0 1 0 0 0 0 0 
037 0 0 0 1 0 0 0 0 0 0 1 0 0 
038 0 0 0 0 0 0 0 0 0 0 1 0 0 
039 0 0 0 0 0 0 0 1 0 0 1 0 0 
040 0 0 0 0 0 0 0 1 0 0 1 0 0 
041 0 0 0 0 0 0 0 0 0 0 1 0 1 
042 0 0 0 0 0 0 0 0 0 0 1 0 1 
043 0 0 0 0 0 0 0 0 0 0 1 0 1 
044 0 0 0 0 0 0 0 0 0 0 1 0 1 
045 0 0 0 0 0 0 0 0 0 0 1 0 1 
046 0 0 0 0 0 0 0 1 0 0 0 0 0 
047 0 0 0 0 0 0 0 0 0 0 1 0 1 
048 0 0 0 0 0 0 0 0 0 0 1 0 1 
049 0 0 0 0 0 0 0 1 0 0 0 0 0 
051 0 0 0 0 0 0 0 1 0 0 0 0 0 
052 0 0 0 0 0 0 0 0 0 0 1 0 1 
053 0 0 0 0 0 0 1 1 0 0 0 0 0 
054 0 0 0 1 0 0 0 1 0 0 0 0 0 
055 0 0 0 0 0 0 0 1 0 0 0 0 1 
056 0 0 0 0 0 0 0 1 0 0 0 0 0 
058 0 0 0 0 0 0 0 0 0 0 1 0 1 
059 0 0 0 0 0 0 0 1 0 0 0 0 1 
060 0 0 0 0 0 0 0 1 0 0 0 0 0 
061 0 0 0 0 0 0 0 1 0 0 0 0 0 
062 0 0 0 1 0 0 0 1 0 0 0 0 0 
063 0 0 0 1 0 0 0 1 0 0 0 0 0 
064 0 0 0 0 0 0 0 1 0 0 0 0 1 
065 0 0 0 0 0 0 0 0 0 0 1 0 1 
066 0 0 0 0 0 0 0 0 0 0 1 0 1 
067 0 0 0 0 0 0 0 1 0 0 0 0 0 
068 0 0 0 0 0 0 0 1 0 0 0 0 0 
069 0 0 0 0 0 0 0 1 0 0 0 0 0 
077 0 0 0 0 0 0 0 0 0 0 0 0 1 
078 0 0 0 0 0 0 0 0 0 0 0 0 1 
079 0 0 0 0 0 0 0 0 0 0 0 0 1 
080 0 0 0 0 0 0 0 0 0 0 0 0 1 
081 0 0 0 0 0 0 0 1 0 0 0 0 1 
082 0 0 0 0 0 0 0 1 0 0 0 0 0 
083 0 0 0 1 0 0 0 1 0 0 0 0 0 
084 0 0 0 0 0 0 0 1 0 0 0 0 1 
085 0 0 0 0 0 0 0 1 0 0 0 0 1 
086 0 0 0 0 0 0 0 1 0 0 0 0 1 
087 0 0 0 0 0 0 0 1 0 0 0 0 1 
088 0 0 0 0 0 0 0 0 0 0 1 0 1 
089 0 0 0 0 0 0 0 0 0 0 1 0 1 
090 0 0 0 0 0 0 0 0 0 0 1 0 1 
091 0 0 0 0 0 0 0 1 0 0 0 0 0 
092 0 0 0 0 0 0 0 1 0 0 0 0 1 
093 0 0 0 0 0 0 0 0 0 0 1 0 1 
094 0 0 0 0 0 0 0 0 0 0 1 0 1 
095 0 0 0 0 0 0 0 1 0 0 0 0 0 
096 0 0 0 0 0 0 0 1 0 0 0 0 1 
097 0 0 0 0 0 0 0 1 0 0 0 0 1 
098 0 0 0 0 0 0 0 0 0 0 1 0 1 
099 0 0 0 0 0 0 0 0 0 0 1 0 1 
100 0 0 0 0 0 0 0 0 0 0 1 0 1 
101 0 0 0 1 0 0 0 1 0 0 0 0 0 
102 0 0 0 0 0 0 0 1 0 0 0 0 0 
103 0 0 0 0 0 0 0 1 0 0 0 0 0 
104 1 0 0 0 0 0 0 1 0 0 0 0 0 
105 0 0 0 0 0 0 0 1 0 0 0 0 0 
106 0 0 0 0 0 0 0 1 0 0 1 0 0 
107 0 0 0 0 0 0 0 1 0 0 1 0 0 
108 0 0 0 0 0 0 0 1 0 0 0 0 1 
109 0 0 0 0 0 0 0 1 0 0 0 0 1 
110 0 0 0 0 0 0 0 0 0 0 1 0 1 
111 0 0 0 0 0 0 0 1 0 0 0 0 1 
112 0 0 0 1 0 0 0 1 0 0 0 0 0 
113 0 0 0 0 0 0 0 1 0 0 0 0 1 
114 0 0 0 0 0 0 0 0 0 0 1 0 1 
115 0 0 0 0 0 0 0 0 0 0 1 0 1 
116 0 0 0 0 0 0 0 1 0 0 0 0 0 
117 0 0 0 1 0 0 0 1 0 0 0 0 0 
118 0 0 0 0 0 0 0 1 0 0 0 0 0 
119 0 0 0 0 0 0 0 1 0 0 0 0 0 
120 0 0 0 0 0 0 0 1 0 0 0 0 0 
121 0 0 0 0 0 0 0 1 0 0 0 0 0 
122 0 0 0 0 0 0 0 1 0 0 0 0 0 
123 0 0 0 0 0 0 0 1 0 0 0 0 0 
124 0 0 0 0 0 0 1 1 0 0 0 0 0 
125 0 0 0 0 0 0 1 1 0 0 0 0 0 
126 0 0 0 0 0 0 1 1 0 0 0 0 0 
127 0 0 0 0 0 0 0 1 0 0 0 0 0 
128 0 0 0 0 0 0 0 1 0 0 0 0 0 
129 0 0 0 0 0 0 0 1 0 0 0 0 0 
130 0 0 0 0 0 0 0 1 0 0 0 0 0 
131 0 0 0 0 0 0 0 1 0 0 0 0 0 
132 0 0 0 0 0 0 0 1 0 0 0 0 0 
133 0 0 0 0 0 0 0 1 0 0 0 0 0 
134 0 0 0 0 0 0 0 1 0 0 0 0 0 
135 0 0 0 0 0 0 0 1 0 0 0 0 0 
141 0 0 0 0 0 0 0 1 0 0 0 0 0 
142 0 0 0 0 0 0 0 1 0 0 0 0 0 
143 0 0 0 0 0 0 0 1 0 0 0 0 0 
144 0 0 0 0 0 0 0 1 0 0 0 0 0 
145 0 0 0 0 0 0 0 1 0 0 0 0 0 
146 0 0 0 0 0 0 0 1 0 0 0 0 0 
147 0 0 0 0 0 0 0 1 0 0 0 0 0 
148 0 0 0 0 0 0 0 1 0 0 0 0 0 
