000 1 1 
001 1 1 
002 1 0 
003 1 1 
004 1 0 
005 1 0 
006 1 0 
007 1 0 
008 1 0 
009 1 0 
010 1 0 
011 1 0 
012 1 0 
013 1 0 
014 1 0 
015 1 1 
016 1 1 
017 1 1 
018 1 1 
019 1 0 
020 1 0 
021 1 0 
022 1 0 
023 1 0 
024 1 0 
025 1 0 
026 1 0 
027 1 0 
028 1 0 
029 1 0 
030 1 0 
031 1 0 
032 1 0 
033 1 0 
034 1 1 
035 1 1 
036 1 0 
037 1 1 
038 1 1 
039 1 1 
040 1 0 
041 1 1 
042 1 1 
043 1 1 
044 1 1 
045 1 0 
046 1 0 
047 1 1 
048 1 0 
049 1 1 
050 1 1 
051 1 1 
052 1 1 
053 1 0 
054 1 0 
055 1 0 
056 1 0 
057 1 0 
058 1 0 
059 1 1 
060 1 0 
061 1 0 
062 1 0 
063 1 1 
064 1 1 
065 1 0 
066 1 0 
067 1 0 
068 1 0 
069 1 0 
070 1 0 
071 1 0 
072 1 0 
073 1 0 
074 1 0 
075 1 1 
076 1 0 
077 1 1 
078 1 1 
079 1 0 
080 1 1 
081 1 0 
082 1 0 
083 1 1 
084 1 0 
085 1 0 
086 1 0 
087 1 0 
088 1 0 
089 1 0 
090 1 0 
091 1 0 
092 1 0 
093 1 0 
094 1 0 
095 1 0 
096 1 1 
097 1 1 
098 1 1 
099 1 1 
100 1 1 
101 1 1 
102 1 1 
103 1 1 
104 1 0 
105 1 0 
106 1 0 
107 1 0 
108 1 0 
109 1 0 
110 1 1 
111 1 0 
112 1 1 
113 1 0 
114 1 1 
115 1 0 
116 1 1 
117 1 0 
118 1 1 
119 1 1 
120 1 0 
121 1 0 
122 1 0 
123 1 1 
124 1 1 
125 1 1 
126 1 1 
127 1 1 
128 1 1 
129 1 1 
130 1 1 
131 1 1 
132 1 1 
133 1 1 
135 1 1 
136 1 1 
137 1 0 
138 1 1 
139 1 1 
140 1 1 
141 1 0 
142 1 1 
143 1 1 
144 1 1 
145 1 0 
146 1 0 
147 1 1 
148 1 1 
