000 1 0 
001 1 0 
002 1 0 
003 1 0 
004 1 0 
005 1 0 
006 1 0 
007 0 1 
008 0 1 
009 0 1 
010 0 1 
011 0 1 
015 0 1 
016 0 1 
017 0 1 
019 0 1 
020 0 1 
021 0 1 
022 0 1 
023 0 1 
024 0 1 
025 0 1 
026 0 1 
027 0 1 
028 0 1 
029 0 1 
030 0 1 
031 0 1 
032 0 1 
033 0 1 
034 0 1 
035 0 1 
036 0 1 
037 0 1 
038 0 1 
039 0 1 
040 0 1 
041 0 1 
042 0 1 
043 0 1 
044 0 1 
045 0 1 
046 0 1 
048 0 1 
049 0 1 
050 0 1 
051 0 1 
052 0 1 
053 0 1 
054 0 1 
055 0 1 
056 0 1 
057 0 1 
058 0 1 
059 0 1 
060 0 1 
061 0 1 
062 0 1 
064 0 1 
065 0 1 
066 0 1 
068 1 1 
069 1 1 
070 0 1 
072 1 1 
073 1 0 
074 1 1 
078 1 1 
079 1 1 
080 1 1 
081 1 0 
082 1 0 
083 1 0 
084 1 0 
085 1 0 
086 1 0 
087 1 0 
088 1 0 
089 1 0 
090 1 0 
091 1 0 
092 1 0 
093 1 0 
094 1 0 
095 1 0 
096 1 0 
097 1 0 
098 1 0 
099 1 1 
100 1 1 
101 1 1 
102 1 1 
103 1 1 
104 1 1 
105 1 1 
106 1 1 
107 1 1 
108 1 1 
109 1 1 
110 1 1 
111 0 1 
112 0 1 
113 1 1 
114 1 1 
115 1 1 
116 1 1 
117 1 1 
118 1 1 
119 1 1 
120 1 1 
121 1 1 
122 1 1 
123 1 0 
124 1 0 
125 1 0 
126 1 1 
127 1 1 
128 1 1 
129 1 0 
130 1 0 
131 1 0 
132 1 0 
133 1 0 
134 1 0 
135 1 0 
136 1 1 
137 0 1 
138 0 1 
139 1 0 
140 1 0 
141 1 0 
142 1 0 
143 1 1 
144 0 1 
145 0 1 
146 0 1 
147 0 1 
148 0 1 
