000 1 1 0 1 0 1 0 0 
001 1 1 0 1 0 1 0 0 
002 1 1 0 1 0 1 0 0 
003 1 1 0 1 0 1 0 0 
004 1 1 0 1 0 1 0 0 
005 1 1 0 1 0 1 0 0 
006 1 1 0 1 0 1 0 0 
007 1 1 0 1 0 1 0 0 
008 1 1 0 1 0 1 0 0 
009 1 1 0 1 0 1 0 0 
010 1 1 0 1 0 1 0 0 
011 1 1 0 1 0 1 0 0 
012 1 1 0 1 0 1 0 0 
013 1 1 0 1 0 1 0 0 
014 1 1 0 1 0 0 0 0 
015 0 1 0 1 0 0 0 0 
016 1 1 0 1 0 0 0 0 
017 1 1 0 1 0 0 0 0 
018 1 1 0 1 0 0 0 0 
019 1 1 0 1 0 0 0 0 
020 1 1 0 1 0 0 0 0 
021 1 1 0 1 0 0 0 0 
022 1 1 0 1 0 0 0 0 
023 1 1 0 1 0 0 0 0 
024 1 1 0 1 0 0 0 0 
025 1 1 0 1 0 0 0 0 
026 1 0 0 1 0 0 0 0 
027 1 1 0 1 0 0 0 0 
028 1 1 0 1 0 0 0 0 
029 1 1 0 1 0 0 0 0 
030 1 1 0 1 0 0 0 0 
031 1 1 0 1 0 0 0 0 
032 1 1 0 1 0 0 0 0 
033 1 0 0 1 0 0 0 0 
034 1 0 0 1 0 0 0 0 
035 1 0 0 1 0 0 0 0 
036 1 0 0 1 0 0 0 0 
037 1 1 0 1 0 0 0 0 
038 1 1 0 1 0 0 0 0 
039 1 1 0 1 0 0 0 0 
040 1 1 0 1 0 0 0 0 
041 0 1 0 1 0 0 0 0 
042 0 1 0 1 0 0 0 0 
043 1 1 0 1 0 0 0 0 
044 1 1 0 1 0 0 0 0 
045 1 1 0 1 0 0 0 0 
046 1 1 0 1 0 0 0 0 
047 1 1 0 1 0 0 0 0 
048 1 1 0 1 0 0 0 0 
049 1 1 0 1 0 0 0 0 
050 1 1 0 1 0 0 0 0 
051 1 1 0 1 0 0 0 0 
052 1 1 0 1 0 0 0 0 
053 1 1 0 1 0 0 0 0 
054 1 1 0 1 0 0 0 0 
055 1 1 0 1 0 0 0 0 
056 1 1 0 1 0 0 0 0 
057 1 1 0 1 0 0 0 0 
058 1 1 0 1 0 0 0 0 
059 1 1 0 1 0 0 0 0 
060 1 1 0 1 0 0 0 0 
061 0 1 0 0 0 0 0 0 
062 1 1 0 0 0 0 0 0 
063 1 1 0 1 0 0 0 0 
064 1 1 0 1 0 0 0 0 
065 1 1 0 1 0 0 0 0 
066 1 1 0 1 0 0 0 0 
067 1 1 0 1 0 0 0 0 
068 0 1 0 1 0 0 0 0 
069 1 1 0 1 0 0 0 0 
070 1 1 0 1 0 0 0 0 
071 1 1 0 1 0 0 0 0 
072 1 1 0 1 0 0 0 0 
073 1 1 0 1 0 0 0 0 
074 1 1 0 1 0 1 0 0 
075 1 1 0 1 0 1 0 0 
076 1 1 0 1 0 1 0 0 
077 1 1 0 1 0 1 0 0 
078 1 1 0 1 0 1 0 0 
079 1 1 0 1 0 1 0 0 
080 1 1 0 1 0 1 0 0 
081 1 1 0 1 0 1 0 0 
082 1 1 0 1 0 1 0 0 
083 1 1 0 1 0 1 0 0 
084 1 1 0 1 0 1 0 0 
085 1 1 0 1 0 1 0 0 
086 1 1 0 1 0 1 0 0 
087 1 1 0 1 0 1 0 0 
088 1 1 0 1 0 1 0 0 
089 1 1 0 1 0 1 0 0 
090 1 1 0 1 0 1 0 0 
091 1 1 0 1 0 0 0 0 
092 1 1 0 1 0 0 0 0 
093 1 1 0 1 0 0 0 0 
094 1 1 0 1 0 0 0 0 
095 1 1 0 1 0 0 0 0 
096 1 1 0 1 0 0 0 0 
097 1 1 0 1 0 0 0 0 
098 1 1 0 1 0 0 0 0 
099 1 1 0 1 0 0 0 0 
100 1 1 0 1 0 0 0 0 
101 1 1 0 1 0 0 0 0 
102 1 1 0 1 0 0 0 0 
103 0 1 0 1 0 0 0 0 
104 0 1 0 1 0 0 0 0 
105 0 0 0 1 0 0 0 0 
106 0 0 0 1 0 0 0 0 
119 0 0 0 1 0 0 0 0 
120 0 0 0 1 0 0 0 0 
121 0 0 0 1 0 0 0 0 
122 0 0 0 1 0 0 0 0 
123 0 0 0 1 0 0 0 0 
124 0 0 0 1 0 0 0 0 
125 0 0 0 1 0 0 0 0 
126 0 0 0 1 0 0 0 0 
127 0 0 0 1 0 0 0 0 
128 0 0 0 1 0 0 0 0 
129 0 0 0 1 0 0 1 0 
130 0 0 0 1 0 0 1 0 
131 0 0 0 1 0 0 1 0 
132 0 0 0 1 0 0 1 0 
133 0 0 0 1 0 0 1 0 
134 0 0 0 1 0 0 1 0 
135 0 0 0 1 0 0 1 0 
136 0 0 0 1 0 0 1 0 
137 0 0 0 1 0 0 1 0 
138 0 0 0 1 0 0 1 0 
139 0 0 0 1 0 0 1 0 
140 0 0 0 1 0 0 1 0 
141 0 0 0 1 0 0 1 0 
142 0 0 0 1 0 0 1 0 
143 0 1 0 1 0 0 1 0 
144 0 1 0 1 0 0 1 0 
145 0 0 0 1 0 0 1 0 
146 0 0 0 1 0 0 1 0 
147 0 0 0 1 0 0 1 0 
148 0 0 0 1 0 0 1 0 
