000 1 1 
001 1 1 
002 1 1 
003 1 1 
004 1 1 
005 1 1 
006 1 1 
007 1 1 
008 1 1 
009 1 1 
010 1 1 
011 1 1 
012 1 1 
013 1 1 
014 1 0 
015 1 0 
016 1 1 
017 1 1 
018 1 0 
019 1 1 
020 1 1 
021 1 1 
022 1 0 
023 1 0 
024 1 0 
025 1 0 
026 1 0 
027 1 1 
028 1 0 
029 1 0 
030 1 1 
031 1 1 
032 1 0 
033 1 1 
034 1 1 
035 1 1 
036 1 1 
037 1 1 
038 1 0 
039 1 1 
040 1 0 
041 1 0 
042 1 0 
043 1 0 
044 1 0 
045 1 0 
046 1 1 
047 1 0 
048 1 0 
049 1 0 
050 1 1 
051 1 0 
052 1 1 
053 1 0 
054 1 1 
055 1 0 
056 1 0 
057 1 0 
058 1 0 
059 1 0 
060 1 0 
061 1 0 
062 1 0 
063 1 1 
064 1 0 
065 1 0 
066 1 0 
067 1 0 
068 1 0 
069 1 0 
070 1 1 
071 1 0 
072 1 0 
073 1 0 
074 1 1 
075 1 1 
076 1 1 
077 1 1 
078 1 0 
079 1 0 
080 1 0 
081 1 0 
082 1 0 
083 1 0 
084 1 0 
085 1 0 
086 1 0 
087 1 0 
088 1 1 
089 1 0 
090 1 1 
091 1 0 
092 1 0 
093 1 1 
094 1 0 
095 1 0 
096 1 1 
097 1 1 
098 1 1 
099 1 1 
100 1 1 
101 1 1 
102 1 1 
103 1 1 
104 1 1 
105 1 0 
106 1 0 
119 0 1 
120 0 1 
121 0 1 
122 1 0 
123 1 0 
124 1 0 
125 0 1 
126 0 1 
127 0 1 
128 0 1 
129 0 1 
130 0 1 
131 0 1 
132 0 1 
133 0 1 
134 0 1 
135 0 1 
136 0 1 
137 0 1 
138 0 1 
139 0 1 
140 0 1 
141 0 1 
142 0 1 
143 0 1 
144 0 1 
145 0 1 
146 0 1 
147 1 0 
148 1 1 
