000 0 1 
001 0 1 
002 0 1 
003 0 1 
004 0 1 
005 0 1 
006 0 1 
007 0 1 
008 0 1 
009 0 1 
010 0 1 
011 0 1 
012 0 1 
013 0 1 
014 0 1 
015 0 1 
016 0 1 
017 0 1 
018 0 1 
019 1 1 
020 1 1 
021 0 1 
022 0 1 
023 0 1 
024 1 1 
025 1 1 
026 1 1 
027 1 1 
028 1 1 
029 1 1 
030 1 1 
031 1 1 
032 1 1 
033 1 1 
034 1 1 
035 1 1 
036 1 1 
037 1 1 
038 1 1 
039 1 1 
040 1 1 
041 1 0 
042 1 1 
043 1 1 
044 1 1 
045 1 1 
046 1 1 
047 1 1 
048 1 1 
049 1 1 
050 1 1 
051 1 0 
052 1 0 
053 1 0 
054 1 1 
055 0 1 
056 0 1 
057 0 1 
058 1 1 
059 1 1 
060 1 0 
061 1 0 
062 1 0 
063 1 0 
064 1 0 
065 1 1 
066 1 1 
067 1 1 
068 1 1 
069 1 1 
070 1 1 
071 1 1 
072 1 1 
073 1 1 
074 1 1 
075 1 1 
076 1 1 
077 1 1 
078 1 1 
079 1 1 
080 1 1 
081 1 1 
082 1 1 
083 1 1 
084 1 1 
085 0 1 
086 1 1 
087 1 1 
088 1 1 
089 1 1 
090 1 1 
091 1 1 
092 1 1 
093 1 1 
094 1 1 
095 1 1 
096 1 1 
097 1 1 
098 1 1 
099 1 1 
100 1 1 
101 1 1 
102 1 1 
103 1 1 
104 0 1 
105 0 1 
106 0 1 
107 0 1 
108 0 1 
109 0 1 
110 1 1 
111 0 1 
112 0 1 
113 1 0 
114 1 0 
115 1 0 
116 1 0 
117 1 0 
118 1 1 
119 1 1 
120 1 1 
121 1 1 
122 1 1 
123 1 1 
124 1 1 
125 1 1 
126 1 1 
127 1 1 
128 1 1 
129 1 1 
130 1 1 
131 1 1 
132 1 1 
133 1 1 
134 1 1 
135 1 1 
136 1 1 
137 1 1 
138 1 1 
139 0 1 
140 0 1 
141 1 1 
142 1 1 
143 1 1 
144 1 1 
145 1 1 
146 1 1 
147 1 1 
148 1 1 
