000 0 1 
001 0 1 
002 0 1 
003 0 1 
004 0 1 
005 0 1 
006 0 1 
007 0 1 
008 0 1 
009 0 1 
010 0 1 
011 0 1 
012 0 1 
013 0 1 
014 0 1 
015 0 1 
016 0 1 
017 0 1 
018 0 1 
019 0 1 
020 0 1 
024 1 1 
026 0 1 
027 1 1 
028 1 1 
029 0 1 
030 1 1 
031 0 1 
032 1 1 
033 0 1 
034 0 1 
035 0 1 
036 0 1 
037 0 1 
038 0 1 
039 0 1 
040 0 1 
041 0 1 
042 1 0 
043 1 0 
044 1 0 
045 0 1 
046 0 1 
047 0 1 
048 1 1 
049 0 1 
050 0 1 
051 0 1 
052 0 1 
053 0 1 
054 0 1 
055 0 1 
056 0 1 
057 0 1 
058 0 1 
059 1 1 
060 1 0 
061 1 0 
062 1 0 
063 1 0 
064 1 0 
065 1 1 
066 1 1 
067 0 1 
068 1 1 
069 1 0 
070 1 0 
071 1 0 
072 1 0 
074 1 1 
075 1 1 
086 0 1 
087 1 1 
088 1 1 
089 1 0 
090 1 0 
091 1 0 
092 1 0 
093 1 0 
094 1 0 
095 1 0 
096 0 1 
097 1 0 
098 1 0 
099 1 1 
100 1 1 
101 1 0 
102 1 0 
103 1 0 
104 1 1 
105 0 1 
106 1 1 
107 1 1 
108 1 0 
109 1 0 
110 1 1 
111 1 1 
112 0 1 
113 1 1 
118 0 1 
119 1 1 
121 0 1 
122 0 1 
123 1 1 
124 1 1 
125 0 1 
126 1 0 
127 1 0 
128 1 0 
129 1 1 
130 1 1 
131 0 1 
132 0 1 
133 1 0 
134 1 0 
135 1 0 
136 0 1 
137 1 1 
138 1 0 
139 1 0 
140 1 0 
141 0 1 
142 1 1 
143 1 1 
144 0 1 
145 1 1 
146 1 0 
147 1 1 
148 1 1 
