000 0 0 0 0 0 0 0 1 0 0 0 0 0 
001 0 0 0 0 0 0 0 1 0 0 0 0 0 
002 0 0 0 0 0 0 0 1 0 0 0 0 0 
003 0 0 0 0 0 0 0 1 0 0 0 0 0 
004 0 0 0 0 0 0 0 1 0 0 0 0 0 
005 0 0 0 0 0 0 0 1 0 0 0 0 0 
006 0 0 0 0 0 0 0 1 0 0 0 0 0 
007 0 0 0 0 0 0 0 1 0 0 0 0 0 
008 0 0 0 0 0 0 0 1 0 0 0 0 0 
009 0 0 0 0 0 0 0 1 0 0 0 0 0 
010 0 0 0 0 0 0 0 1 0 0 0 0 0 
011 0 0 0 0 0 0 0 1 0 0 0 0 0 
012 0 0 0 0 0 0 0 1 0 0 0 0 0 
013 0 0 0 0 0 0 0 1 0 0 0 0 0 
014 0 0 0 0 0 0 0 1 0 0 0 0 0 
015 0 0 0 0 0 0 0 1 0 0 0 0 0 
016 0 0 0 0 0 0 0 1 0 0 0 0 0 
017 0 0 0 0 0 0 0 1 0 0 0 0 0 
018 0 0 0 0 0 0 0 1 0 0 0 0 0 
019 0 0 0 0 0 0 0 1 0 0 0 0 0 
020 0 0 0 0 0 0 0 1 0 0 0 0 0 
024 0 0 0 1 0 0 0 1 0 0 0 0 0 
026 0 0 0 0 0 0 0 1 0 0 0 0 0 
027 0 0 0 1 0 0 0 1 0 0 0 0 0 
028 0 0 0 0 0 0 0 1 0 0 0 0 1 
029 0 0 0 0 0 0 0 1 0 0 0 0 0 
030 0 0 0 0 0 0 1 1 0 0 0 0 0 
031 0 0 0 0 0 0 0 1 0 0 0 0 0 
032 0 0 0 0 0 0 1 1 0 0 0 0 0 
033 0 0 0 0 0 0 0 1 0 0 0 0 0 
034 0 0 0 0 0 0 0 1 0 0 0 0 0 
035 0 0 0 0 0 0 0 1 0 0 0 0 0 
036 0 0 0 0 0 0 0 1 0 0 0 0 0 
037 0 0 0 0 0 0 0 1 0 0 0 0 0 
038 0 0 0 0 0 0 0 1 0 0 0 0 0 
039 0 0 0 0 0 0 0 1 0 0 0 0 0 
040 0 0 0 0 0 0 0 1 0 0 0 0 0 
041 0 0 0 0 0 0 0 1 0 0 0 0 0 
042 0 0 0 0 0 0 0 0 0 0 1 0 1 
043 0 0 0 0 0 0 0 0 0 0 1 0 1 
044 0 0 0 0 0 0 0 0 0 0 1 0 1 
045 0 0 0 0 0 0 0 1 0 0 0 0 0 
046 0 0 0 0 0 0 0 1 0 0 0 0 0 
047 0 0 0 0 0 0 0 1 0 0 0 0 0 
048 0 0 0 0 0 0 1 1 0 0 0 0 0 
049 0 0 0 0 0 0 0 1 0 0 0 0 0 
050 0 0 0 0 0 0 0 1 0 0 0 0 0 
051 0 0 0 0 0 0 0 1 0 0 0 0 0 
052 0 0 0 0 0 0 0 1 0 0 0 0 0 
053 0 0 0 0 0 0 0 1 0 0 0 0 0 
054 0 0 0 0 0 0 0 1 0 0 0 0 0 
055 0 0 0 0 0 0 0 1 0 0 0 0 0 
056 0 0 0 0 0 0 0 1 0 0 0 0 0 
057 0 0 0 0 0 0 0 1 0 0 0 0 0 
058 0 0 0 0 0 0 0 1 0 0 0 0 0 
059 0 0 0 0 0 0 0 1 0 0 0 0 1 
060 0 0 0 0 0 0 0 0 0 0 1 0 1 
061 0 0 0 0 0 0 0 0 0 0 1 0 1 
062 0 0 0 0 0 0 0 0 0 0 1 0 1 
063 0 0 0 0 0 0 0 0 0 0 1 0 1 
064 0 0 0 0 0 0 0 0 0 0 1 0 1 
065 0 0 0 0 0 0 0 1 0 0 1 0 1 
066 0 0 0 0 0 0 0 1 0 0 1 0 1 
067 0 0 0 0 0 0 0 1 0 0 0 0 0 
068 0 0 0 0 0 0 0 1 0 0 1 0 1 
069 0 0 0 0 0 0 0 0 0 0 1 0 1 
070 0 0 0 0 0 0 0 0 0 0 1 0 1 
071 0 0 0 0 0 0 0 0 0 0 1 0 1 
072 0 0 0 0 0 0 0 0 0 0 1 0 1 
074 0 0 0 0 0 0 0 1 0 0 1 0 1 
075 0 0 0 0 0 0 0 1 0 0 1 0 1 
086 0 0 0 0 0 0 0 1 0 0 0 0 0 
087 0 0 0 0 0 0 0 1 0 0 0 0 1 
088 0 0 0 0 0 0 1 1 0 0 0 0 1 
089 0 0 0 0 0 0 0 0 0 0 1 0 1 
090 0 0 0 0 0 0 0 0 0 0 1 0 1 
091 0 0 0 0 0 0 0 0 0 0 1 0 1 
092 0 0 0 0 0 0 0 0 0 0 1 0 1 
093 0 0 0 0 0 0 0 0 0 0 1 0 1 
094 0 0 0 0 0 0 0 0 0 0 1 0 1 
095 0 0 0 0 0 0 0 0 0 0 1 0 1 
096 0 0 0 0 0 0 0 1 0 0 0 0 0 
097 0 0 0 0 0 0 0 0 0 0 1 0 1 
098 0 0 0 0 0 0 1 0 0 0 0 0 1 
099 0 0 0 0 0 0 0 1 0 0 0 0 1 
100 0 0 0 0 0 0 0 1 0 0 0 0 1 
101 0 0 0 0 0 0 0 0 0 0 1 0 1 
102 0 0 0 0 0 0 0 0 0 0 1 0 1 
103 0 0 0 0 0 0 1 0 0 0 0 0 1 
104 0 0 0 0 0 0 1 1 0 0 1 0 0 
105 0 0 0 0 0 0 0 1 0 0 0 0 0 
106 0 0 0 0 0 0 1 1 0 0 0 0 0 
107 0 0 0 1 0 0 1 1 0 0 0 0 0 
108 0 0 0 0 0 0 1 0 0 0 1 0 1 
109 0 0 0 0 0 0 1 0 0 0 1 0 1 
110 0 0 0 0 0 0 1 1 0 0 1 0 0 
111 0 0 0 0 0 0 1 1 0 0 1 0 0 
112 0 0 0 0 0 0 0 1 0 0 0 0 0 
113 0 0 0 0 0 0 0 1 0 0 1 0 1 
118 0 0 0 0 0 0 0 1 0 0 0 0 0 
119 0 0 0 0 0 0 1 1 0 0 0 0 0 
121 0 0 0 0 0 0 0 1 0 0 0 0 0 
122 0 0 0 0 0 0 0 1 0 0 0 0 0 
123 0 0 0 1 0 0 0 1 0 0 0 0 0 
124 0 0 0 0 0 0 0 1 0 0 0 0 1 
125 0 0 0 0 0 0 0 1 0 0 0 0 0 
126 0 0 0 0 0 0 1 0 0 0 0 0 0 
127 0 0 0 0 0 0 0 0 0 0 1 0 1 
128 0 0 0 0 0 0 0 0 0 0 1 0 1 
129 0 0 0 0 0 0 0 1 0 0 0 0 1 
130 0 0 0 1 0 0 0 1 0 0 0 0 0 
131 0 0 0 0 0 0 0 1 0 0 0 0 0 
132 0 0 0 0 0 0 0 1 0 0 0 0 0 
133 0 0 0 0 0 0 0 0 0 0 1 0 1 
134 0 0 0 0 0 0 0 0 0 0 1 0 1 
135 0 0 0 0 0 0 0 0 0 0 1 0 1 
136 0 0 0 0 0 0 0 1 0 0 0 0 0 
137 0 0 0 0 0 0 1 1 0 0 0 0 0 
138 0 0 0 0 0 0 1 0 0 0 0 0 1 
139 0 0 0 0 0 0 0 0 0 0 1 0 1 
140 0 0 0 0 0 0 0 0 0 0 1 0 1 
141 0 0 0 0 0 0 0 1 0 0 0 0 0 
142 0 0 0 0 0 0 1 1 0 0 0 0 0 
143 0 0 0 0 0 0 0 1 0 0 0 0 1 
144 0 0 0 0 0 0 0 1 0 0 0 0 0 
145 0 0 0 0 0 0 0 1 0 0 0 0 1 
146 0 0 0 0 0 0 0 0 0 0 1 0 1 
147 0 0 0 0 0 0 1 1 0 0 0 0 1 
148 0 0 0 0 0 0 0 1 0 0 1 0 1 
