000 0 1 
001 0 1 
002 0 1 
003 0 1 
004 0 1 
005 1 1 
006 0 1 
007 0 1 
008 0 1 
009 0 1 
010 0 1 
011 0 1 
012 0 1 
013 1 1 
014 1 1 
015 0 1 
016 0 1 
017 0 1 
018 0 1 
019 0 1 
020 0 1 
021 0 1 
022 0 1 
023 0 1 
024 0 1 
025 1 1 
026 1 0 
027 1 0 
028 1 0 
029 1 0 
030 1 0 
031 1 0 
032 1 0 
033 1 0 
034 1 1 
035 1 0 
036 1 0 
037 1 0 
038 1 1 
039 0 1 
040 0 1 
041 1 0 
042 1 0 
043 1 0 
044 1 0 
045 1 0 
046 1 1 
047 1 0 
048 1 0 
049 1 0 
050 1 0 
051 1 0 
052 1 0 
053 1 0 
054 1 0 
055 0 1 
056 0 1 
057 0 1 
058 0 1 
059 0 1 
060 0 1 
061 0 1 
062 0 1 
063 1 1 
064 1 0 
065 1 0 
066 1 0 
067 1 0 
068 0 1 
069 1 1 
070 1 0 
071 1 0 
072 1 0 
073 1 0 
075 1 0 
076 1 0 
077 1 0 
078 1 0 
079 1 0 
080 1 0 
081 1 0 
082 1 0 
083 1 0 
084 1 0 
085 1 0 
086 1 0 
087 1 0 
088 1 0 
089 1 0 
090 1 0 
091 1 0 
092 1 0 
093 1 0 
094 1 0 
095 1 0 
096 1 0 
097 1 0 
098 0 1 
099 0 1 
100 0 1 
101 0 1 
102 1 1 
103 1 1 
104 1 1 
105 1 1 
106 1 1 
107 1 1 
108 1 1 
109 1 0 
110 1 0 
111 1 0 
112 1 0 
113 1 0 
114 1 0 
115 1 0 
116 0 1 
117 0 1 
118 1 1 
119 1 0 
120 1 0 
121 1 0 
122 1 0 
123 1 0 
124 0 1 
125 0 1 
126 0 1 
127 0 1 
128 1 1 
129 1 0 
130 1 0 
131 1 0 
132 1 0 
133 1 0 
134 1 0 
135 1 0 
136 1 0 
137 0 1 
138 0 1 
139 0 1 
140 0 1 
141 0 1 
142 1 1 
143 1 1 
144 1 1 
145 0 1 
146 0 1 
147 1 1 
148 1 1 
