000 0 1 0 1 0 0 0 0 
001 0 1 0 1 0 0 0 1 
002 0 1 0 1 0 0 0 1 
003 0 1 0 1 0 0 0 1 
004 0 1 0 1 0 0 0 1 
005 0 1 0 1 0 0 0 1 
006 0 1 0 1 0 0 0 1 
007 0 1 0 1 0 0 0 1 
008 0 1 0 1 0 0 0 1 
009 0 1 0 1 0 0 0 1 
010 0 1 0 1 0 0 0 1 
011 0 1 0 1 0 0 0 1 
012 0 1 0 1 0 0 0 1 
013 0 1 0 1 0 0 0 1 
014 0 1 0 1 0 0 0 1 
015 0 1 0 1 0 0 0 1 
016 0 1 0 1 0 0 0 1 
017 0 1 0 1 0 0 0 1 
018 0 1 0 1 0 0 0 1 
019 0 1 0 1 0 0 0 1 
020 0 1 0 1 0 0 0 1 
021 0 1 0 1 0 0 0 0 
022 0 1 0 1 0 0 0 1 
023 0 1 0 1 0 0 0 1 
024 0 1 0 1 0 0 0 1 
025 0 1 0 1 0 0 0 1 
026 0 1 0 1 0 0 0 1 
027 0 1 0 1 0 0 0 1 
028 0 1 0 1 0 0 0 1 
029 0 1 0 1 0 0 0 1 
030 0 1 0 1 0 0 0 1 
031 0 1 0 1 0 0 0 1 
032 0 1 0 1 0 0 0 1 
033 0 1 0 1 0 0 0 1 
034 0 1 0 1 0 0 0 1 
035 0 1 0 1 0 0 0 1 
036 0 1 0 1 0 0 0 1 
037 0 1 0 1 0 0 0 1 
038 0 1 0 1 0 0 0 1 
039 0 1 0 1 0 0 0 1 
040 0 1 0 1 0 0 0 1 
041 0 1 0 1 0 0 0 1 
042 0 1 0 1 0 0 0 1 
043 0 1 0 1 0 0 0 1 
044 0 1 0 1 0 0 0 1 
045 0 1 0 1 0 0 0 1 
046 0 1 0 1 0 0 0 1 
047 0 1 0 1 0 0 0 1 
048 0 1 0 1 0 0 0 1 
049 0 1 0 1 0 0 0 1 
050 0 1 0 1 0 0 0 1 
051 0 1 0 1 0 0 0 1 
052 0 1 0 1 0 0 0 1 
053 0 1 0 1 0 0 0 1 
054 0 1 0 1 0 0 0 1 
055 0 1 0 1 0 0 0 1 
056 0 1 0 1 0 0 0 1 
057 0 1 0 1 0 0 0 1 
058 0 1 0 1 0 0 0 1 
059 0 1 0 1 0 0 0 1 
060 0 1 0 1 0 0 0 1 
061 0 1 0 1 0 0 0 1 
062 0 1 0 1 0 0 0 1 
063 0 1 0 1 0 0 0 1 
064 0 1 0 1 0 0 0 1 
065 0 1 0 1 0 0 0 1 
066 0 1 0 1 0 0 0 1 
067 0 1 0 1 0 0 0 1 
068 0 1 0 1 0 0 0 1 
069 0 1 0 1 0 0 0 1 
070 0 1 0 1 0 0 0 1 
071 0 1 0 1 0 0 0 1 
072 0 1 0 1 0 0 0 1 
073 0 1 0 1 0 0 0 1 
074 0 1 0 1 0 0 0 1 
075 0 1 0 1 0 0 0 1 
076 0 1 0 1 0 0 0 1 
077 0 1 0 1 0 0 0 1 
078 0 1 0 1 0 0 0 1 
079 0 1 0 1 0 0 0 1 
080 0 1 0 1 0 0 0 1 
081 0 1 0 1 0 0 0 1 
082 0 1 0 1 0 0 0 1 
083 0 1 0 1 0 0 0 1 
084 0 1 0 1 0 0 0 1 
085 0 1 0 1 0 0 0 1 
086 0 1 0 1 0 0 0 1 
087 0 1 0 1 0 0 0 1 
088 0 1 0 1 0 0 0 1 
089 0 1 0 1 0 0 0 1 
090 0 1 0 1 0 0 0 1 
091 0 1 0 1 0 0 0 1 
092 0 1 0 1 0 0 0 1 
093 0 1 0 1 0 0 0 1 
094 0 1 0 1 0 0 0 1 
095 0 0 0 1 0 0 0 1 
096 0 0 0 1 0 0 0 1 
097 0 1 0 1 0 0 0 1 
098 0 1 0 1 0 0 0 1 
099 0 1 0 1 0 0 0 1 
100 0 1 0 1 0 0 0 1 
101 0 1 0 1 0 0 0 1 
102 0 1 0 1 0 0 0 1 
103 0 1 0 1 0 0 0 1 
104 0 1 0 1 0 0 0 1 
105 0 1 0 1 0 0 0 1 
106 0 1 0 1 0 0 0 1 
107 0 1 0 1 0 0 0 1 
108 0 1 0 1 0 0 0 1 
109 0 1 0 1 0 0 0 1 
111 0 1 0 1 0 0 0 1 
112 0 1 0 1 0 0 0 1 
113 0 1 0 1 0 0 0 1 
114 0 1 0 1 0 0 0 1 
115 0 1 0 1 0 0 0 1 
116 0 1 0 1 0 0 0 1 
117 0 1 0 1 0 0 0 1 
118 0 1 0 1 0 0 0 1 
119 0 1 0 1 0 0 0 1 
120 0 1 0 1 0 0 0 1 
121 0 1 0 1 0 0 0 1 
122 0 1 0 1 0 0 0 0 
123 0 1 0 1 0 0 0 1 
124 0 1 0 1 0 0 0 1 
125 0 1 0 1 0 0 0 1 
126 0 1 0 1 0 0 0 1 
127 0 1 0 1 0 0 0 1 
128 0 1 0 1 0 0 0 1 
129 0 1 0 1 0 0 0 1 
130 0 1 0 1 0 0 0 0 
131 0 1 0 1 0 0 0 0 
132 0 1 0 1 0 0 0 0 
133 0 1 0 1 0 0 0 1 
134 0 1 0 0 0 0 0 1 
135 0 1 0 1 0 0 0 1 
136 0 1 0 1 0 0 0 1 
137 0 1 0 1 0 0 0 1 
138 0 1 0 1 0 0 0 1 
139 0 1 0 1 0 0 0 1 
140 0 1 0 1 0 0 0 1 
141 0 1 0 1 0 0 0 1 
142 0 1 0 1 0 0 0 1 
143 0 1 0 1 0 0 0 1 
144 0 1 0 1 0 0 0 1 
145 0 1 0 1 0 0 0 1 
146 0 1 0 1 0 0 0 1 
147 0 1 0 1 0 0 0 1 
