001 1 1 
002 1 1 
003 1 1 
004 1 1 
005 1 1 
006 1 1 
007 1 1 
008 1 1 
009 1 1 
010 1 1 
011 1 1 
012 1 1 
014 1 1 
015 1 1 
016 1 1 
017 1 1 
018 0 1 
019 1 1 
020 1 1 
021 1 1 
022 1 1 
023 1 1 
024 1 1 
025 1 1 
026 1 1 
027 1 1 
028 1 1 
029 0 1 
030 1 1 
031 1 1 
032 1 0 
033 1 0 
034 1 0 
035 1 0 
036 1 0 
037 1 1 
038 1 1 
039 1 1 
040 1 1 
041 1 1 
042 1 1 
043 1 0 
044 1 0 
045 1 1 
046 1 1 
047 1 0 
048 1 0 
049 1 0 
050 1 0 
051 1 0 
053 1 1 
054 0 1 
055 0 1 
056 0 1 
057 1 1 
058 1 1 
059 1 1 
060 1 1 
061 1 1 
062 0 1 
063 0 1 
064 0 1 
065 0 1 
066 1 1 
067 1 1 
068 1 1 
069 1 0 
070 1 0 
071 1 1 
072 1 0 
073 0 1 
074 0 1 
075 1 1 
076 1 1 
077 1 1 
078 1 1 
079 1 1 
080 0 1 
081 1 0 
082 1 1 
083 1 1 
084 1 1 
085 1 0 
086 1 1 
087 1 0 
088 1 0 
089 1 0 
090 1 0 
091 1 0 
092 1 0 
093 1 0 
094 1 0 
095 1 0 
096 1 0 
097 1 0 
098 1 0 
099 1 0 
100 1 0 
101 1 0 
102 1 0 
103 1 0 
104 0 1 
105 0 1 
106 0 1 
107 0 1 
108 0 1 
109 0 1 
110 0 1 
111 0 1 
112 0 1 
113 0 1 
114 0 1 
115 1 0 
116 1 0 
117 1 0 
118 1 0 
119 1 0 
120 1 1 
121 1 1 
122 1 1 
123 0 1 
124 0 1 
125 0 1 
126 0 1 
127 0 1 
128 0 1 
129 0 1 
130 0 1 
131 0 1 
132 0 1 
133 0 1 
134 1 1 
135 1 1 
136 1 1 
137 1 0 
138 1 0 
139 1 0 
140 1 0 
141 1 0 
142 1 0 
143 1 0 
144 1 0 
145 1 0 
146 1 1 
147 0 1 
148 0 1 
